0.0380759064 0.0506801187 0.0616962065 0.0218723550 -0.0442234984 -0.0348207628 -0.0434008457 -0.0025922620 0.0199084209 -0.0176461252
-0.0018820165 -0.0446416365 -0.0514740612 -0.0263278347 -0.0084487241 -0.0191633397 0.0744115641 -0.0394933829 -0.0683297436 -0.0922040496
0.0852989063 0.0506801187 0.0444512133 -0.0056706106 -0.0455994513 -0.0341944659 -0.0323559322 -0.0025922620 0.0028637705 -0.0259303390
-0.0890629394 -0.0446416365 -0.0115950145 -0.0366564468 0.0121905688 0.0249905934 -0.0360375700 0.0343088589 0.0226920226 -0.0093619113
0.0053830604 -0.0446416365 -0.0363846922 0.0218723550 0.0039348516 0.0155961395 0.0081420836 -0.0025922620 -0.0319914449 -0.0466408736
-0.0926954778 -0.0446416365 -0.0406959405 -0.0194420933 -0.0689906499 -0.0792878444 0.0412768238 -0.0763945038 -0.0411803852 -0.0963461565
-0.0454724779 0.0506801187 -0.0471628129 -0.0159992226 -0.0400956398 -0.0248000121 0.0007788080 -0.0394933829 -0.0629129499 -0.0383566597
0.0635036756 0.0506801187 -0.0018947058 0.0666296740 0.0906198817 0.1089143811 0.0228686348 0.0177033545 -0.0358167281 0.0030644094
0.0417084449 0.0506801187 0.0616962065 -0.0400993175 -0.0139525355 0.0062016857 -0.0286742944 -0.0025922620 -0.0149564750 0.0113486232
-0.0709002471 -0.0446416365 0.0390621530 -0.0332135761 -0.0125765827 -0.0345076144 -0.0249926566 -0.0025922620 0.0677363261 -0.0135040182
-0.0963280163 -0.0446416365 -0.0838084235 0.0081008722 -0.1033894713 -0.0905611890 -0.0139477432 -0.0763945038 -0.0629129499 -0.0342145528
0.0271782911 0.0506801187 0.0175059115 -0.0332135761 -0.0070727713 0.0459715403 -0.0654906725 0.0712099798 -0.0964332229 -0.0590671943
0.0162806757 -0.0446416365 -0.0288400077 -0.0091134812 -0.0043208655 -0.0097688859 0.0449584616 -0.0394933829 -0.0307512099 -0.0424987666
0.0053830604 0.0506801187 -0.0018947058 0.0081008722 -0.0043208655 -0.0157187067 -0.0029028298 -0.0025922620 0.0383932482 -0.0135040182
0.0453409833 -0.0446416365 -0.0256065715 -0.0125563519 0.0176943802 -0.0000612836 0.0817748397 -0.0394933829 -0.0319914449 -0.0756356220
-0.0527375548 0.0506801187 -0.0180618869 0.0804011568 0.0892439288 0.1076617873 -0.0397192078 0.1081111006 0.0360557901 -0.0424987666
-0.0055145550 -0.0446416365 0.0422955892 0.0494153205 0.0245741445 -0.0238605667 0.0744115641 -0.0394933829 0.0522799998 0.0279170509
0.0707687525 0.0506801187 0.0121168511 0.0563010619 0.0342058145 0.0494161734 -0.0397192078 0.0343088589 0.0273677075 -0.0010776975
-0.0382074010 -0.0446416365 -0.0105172024 -0.0366564468 -0.0373437341 -0.0194764882 -0.0286742944 -0.0025922620 -0.0181182673 -0.0176461252
-0.0273097857 -0.0446416365 -0.0180618869 -0.0400993175 -0.0029449127 -0.0113346282 0.0375951860 -0.0394933829 -0.0089440190 -0.0549250874
-0.0491050164 -0.0446416365 -0.0568631216 -0.0435421882 -0.0455994513 -0.0432757713 0.0007788080 -0.0394933829 -0.0119006848 0.0154907302
-0.0854304009 0.0506801187 -0.0223731352 0.0012151308 -0.0373437341 -0.0263657544 0.0155053592 -0.0394933829 -0.0721284546 -0.0176461252
-0.0854304009 -0.0446416365 -0.0040503300 -0.0091134812 -0.0029449127 0.0077674280 0.0228686348 -0.0394933829 -0.0611765951 -0.0135040182
0.0453409833 0.0506801187 0.0606183944 0.0310533436 0.0287020031 -0.0473467013 -0.0544457591 0.0712099798 0.1335989800 0.1356118307
-0.0636351702 -0.0446416365 0.0358287167 -0.0228849640 -0.0304639698 -0.0188501913 -0.0065844676 -0.0025922620 -0.0259524244 -0.0549250874
-0.0672677086 0.0506801187 -0.0126728266 -0.0400993175 -0.0153284884 0.0046359433 -0.0581273969 0.0343088589 0.0191990331 -0.0342145528
-0.1072256316 -0.0446416365 -0.0773415510 -0.0263278347 -0.0896299427 -0.0961978613 0.0265502726 -0.0763945038 -0.0425721049 -0.0052198044
-0.0236772472 -0.0446416365 0.0595405824 -0.0400993175 -0.0428475456 -0.0435889198 0.0118237214 -0.0394933829 -0.0159982678 0.0403433716
0.0526060602 -0.0446416365 -0.0212953232 -0.0745280244 -0.0400956398 -0.0376390990 -0.0065844676 -0.0394933829 -0.0006092542 -0.0549250874
0.0671362140 0.0506801187 -0.0062059541 0.0631868033 -0.0428475456 -0.0958847129 0.0523217373 -0.0763945038 0.0594238004 0.0527696924
-0.0600026317 -0.0446416365 0.0444512133 -0.0194420933 -0.0098246770 -0.0075768467 0.0228686348 -0.0394933829 -0.0271286456 -0.0093619113
-0.0236772472 -0.0446416365 -0.0654856182 -0.0814137658 -0.0387196870 -0.0536096705 0.0596850129 -0.0763945038 -0.0371283460 -0.0424987666
0.0344433680 0.0506801187 0.1252871189 0.0287580964 -0.0538551684 -0.0129003705 -0.1023070505 0.1081111006 0.0002714857 0.0279170509
0.0308108295 -0.0446416365 -0.0503962492 -0.0022277399 -0.0442234984 -0.0899348921 0.1185912177 -0.0763945038 -0.0181182673 0.0030644094
0.0162806757 -0.0446416365 -0.0633299941 -0.0573136710 -0.0579830270 -0.0489124436 0.0081420836 -0.0394933829 -0.0594726974 -0.0673514081
0.0489735218 0.0506801187 -0.0309956318 -0.0492803060 0.0493412959 -0.0041322136 0.1333177689 -0.0535158088 0.0213108466 0.0196328371
0.0126481373 -0.0446416365 0.0228949719 0.0528581912 0.0080627102 -0.0285577936 0.0375951860 -0.0394933829 0.0547240033 -0.0259303390
-0.0091470934 -0.0446416365 0.0110390390 -0.0573136710 -0.0249601584 -0.0429626228 0.0302319104 -0.0394933829 0.0170371324 -0.0052198044
-0.0018820165 0.0506801187 0.0713965152 0.0976155103 0.0878679760 0.0754074957 -0.0213110188 0.0712099798 0.0714240328 0.0237749440
-0.0018820165 0.0506801187 0.0142724753 -0.0745280244 0.0025588988 0.0062016857 -0.0139477432 -0.0025922620 0.0191990331 0.0030644094
0.0053830604 0.0506801187 -0.0083615783 0.0218723550 0.0548451074 0.0732154565 -0.0249926566 0.0343088589 0.0125531528 0.0941907615
-0.0999605547 -0.0446416365 -0.0676412423 -0.1089567314 -0.0744944613 -0.0727117267 0.0155053592 -0.0394933829 -0.0498684677 -0.0093619113
-0.0600026317 0.0506801187 -0.0105172024 -0.0148515991 -0.0497273099 -0.0235474182 -0.0581273969 0.0158582984 -0.0099189574 -0.0342145528
0.0199132142 -0.0446416365 -0.0234509473 -0.0710851537 0.0204462859 -0.0100820344 0.1185912177 -0.0763945038 -0.0425721049 0.0734802270
0.0453409833 0.0506801187 0.0681630790 0.0081008722 -0.0167044413 0.0046359433 -0.0765355859 0.0712099798 0.0324332258 -0.0176461252
0.0271782911 0.0506801187 -0.0353068801 0.0322009671 -0.0112006298 0.0015044587 -0.0102661054 -0.0025922620 -0.0149564750 -0.0507829805
-0.0563700933 -0.0446416365 -0.0115950145 -0.0332135761 -0.0469754041 -0.0476598498 0.0044604458 -0.0394933829 -0.0079793976 -0.0880619427
-0.0781653240 -0.0446416365 -0.0730303027 -0.0573136710 -0.0841261313 -0.0742774690 -0.0249926566 -0.0394933829 -0.0181182673 -0.0839198358
0.0671362140 0.0506801187 -0.0417737526 0.0115437429 0.0025588988 0.0058885372 0.0412768238 -0.0394933829 -0.0594726974 -0.0217882321
-0.0418399395 0.0506801187 0.0142724753 -0.0056706106 -0.0125765827 0.0062016857 -0.0728539481 0.0712099798 0.0354619387 -0.0135040182
0.0344433680 -0.0446416365 -0.0072837662 0.0149866136 -0.0442234984 -0.0373259505 -0.0029028298 -0.0394933829 -0.0213936809 0.0072065163
0.0598711371 0.0506801187 0.0164280994 0.0287580964 -0.0414715927 -0.0291840905 -0.0286742944 -0.0025922620 -0.0023966815 -0.0217882321
-0.0527375548 -0.0446416365 -0.0094393904 -0.0056706106 0.0397096259 0.0447189465 0.0265502726 -0.0025922620 -0.0181182673 -0.0135040182
-0.0091470934 -0.0446416365 -0.0159062628 0.0700725447 0.0121905688 0.0221722572 0.0155053592 -0.0025922620 -0.0332487872 0.0486275855
-0.0491050164 -0.0446416365 0.0250505960 0.0081008722 0.0204462859 0.0177881787 0.0523217373 -0.0394933829 -0.0411803852 0.0072065163
-0.0418399395 -0.0446416365 -0.0493184371 -0.0366564468 -0.0070727713 -0.0226079728 0.0854564775 -0.0394933829 -0.0664881482 0.0072065163
-0.0418399395 -0.0446416365 0.0412177771 -0.0263278347 -0.0318399227 -0.0304366844 -0.0360375700 0.0029429061 0.0336568129 -0.0176461252
-0.0273097857 -0.0446416365 -0.0633299941 -0.0504279296 -0.0896299427 -0.1043397214 0.0523217373 -0.0763945038 -0.0561575731 -0.0673514081
0.0417084449 -0.0446416365 -0.0644078061 0.0356438378 0.0121905688 -0.0579937490 0.1811790604 -0.0763945038 -0.0006092542 -0.0507829805
0.0635036756 0.0506801187 -0.0256065715 0.0115437429 0.0644767774 0.0484767280 0.0302319104 -0.0025922620 0.0383932482 0.0196328371
-0.0709002471 -0.0446416365 -0.0040503300 -0.0400993175 -0.0662387442 -0.0786615475 0.0523217373 -0.0763945038 -0.0514005353 -0.0342145528
-0.0418399395 0.0506801187 0.0045721666 -0.0538708003 -0.0442234984 -0.0273051998 -0.0802172237 0.0712099798 0.0366457978 0.0196328371
-0.0273097857 0.0506801187 -0.0072837662 -0.0400993175 -0.0112006298 -0.0138398159 0.0596850129 -0.0394933829 -0.0823814833 -0.0259303390
-0.0345748626 -0.0446416365 -0.0374625043 -0.0607565417 0.0204462859 0.0434663526 -0.0139477432 -0.0025922620 -0.0307512099 -0.0714935151
0.0671362140 0.0506801187 -0.0256065715 -0.0400993175 -0.0634868384 -0.0598726398 -0.0029028298 -0.0394933829 -0.0191970476 0.0113486232
-0.0454724779 0.0506801187 -0.0245287594 0.0597439326 0.0053108045 0.0149698426 -0.0544457591 0.0712099798 0.0423448954 0.0154907302
-0.0091470934 0.0506801187 -0.0180618869 -0.0332135761 -0.0208322998 0.0121515064 -0.0728539481 0.0712099798 0.0002714857 0.0196328371
0.0417084449 0.0506801187 -0.0148284507 -0.0171468462 -0.0056968184 0.0083937249 -0.0139477432 -0.0018542396 -0.0119006848 0.0030644094
0.0380759064 0.0506801187 -0.0299178198 -0.0400993175 -0.0332158756 -0.0241737151 -0.0102661054 -0.0025922620 -0.0129079423 0.0030644094
0.0162806757 -0.0446416365 -0.0460850009 -0.0056706106 -0.0758704142 -0.0614383821 -0.0139477432 -0.0394933829 -0.0514005353 0.0196328371
-0.0018820165 -0.0446416365 -0.0697968665 -0.0125563519 -0.0001930070 -0.0091425890 0.0707299263 -0.0394933829 -0.0629129499 0.0403433716
-0.0018820165 -0.0446416365 0.0336730926 0.1251584758 0.0245741445 0.0262431872 -0.0102661054 -0.0025922620 0.0267142576 0.0610539062
0.0635036756 0.0506801187 -0.0040503300 -0.0125563519 0.1030034574 0.0487898765 0.0560033751 -0.0025922620 0.0844952822 -0.0176461252
0.0126481373 0.0506801187 -0.0202175111 -0.0022277399 0.0383336731 0.0531739549 -0.0065844676 0.0343088589 -0.0051453080 -0.0093619113
0.0126481373 0.0506801187 0.0024165425 0.0563010619 0.0273260502 0.0171618818 0.0412768238 -0.0394933829 0.0037117382 0.0734802270
-0.0091470934 0.0506801187 -0.0309956318 -0.0263278347 -0.0112006298 -0.0010007290 -0.0213110188 -0.0025922620 0.0062093156 0.0279170509
-0.0309423241 0.0506801187 0.0282840322 0.0700725447 -0.1267806699 -0.1068449090 -0.0544457591 -0.0479806407 -0.0307512099 0.0154907302
-0.0963280163 -0.0446416365 -0.0363846922 -0.0745280244 -0.0387196870 -0.0276183482 0.0155053592 -0.0394933829 -0.0740888715 -0.0010776975
0.0053830604 -0.0446416365 -0.0579409337 -0.0228849640 -0.0676146970 -0.0683276482 -0.0544457591 -0.0025922620 0.0428956879 -0.0839198358
-0.1035930932 -0.0446416365 -0.0374625043 -0.0263278347 0.0025588988 0.0199802180 0.0118237214 -0.0025922620 -0.0683297436 -0.0259303390
0.0707687525 -0.0446416365 0.0121168511 0.0425295792 0.0713565417 0.0534871034 0.0523217373 -0.0025922620 0.0253931349 -0.0052198044
0.0126481373 0.0506801187 -0.0223731352 -0.0297707054 0.0108146159 0.0284352264 -0.0213110188 0.0343088589 -0.0060802482 -0.0010776975
-0.0164121703 -0.0446416365 -0.0353068801 -0.0263278347 0.0328298616 0.0171618818 0.1001830287 -0.0394933829 -0.0702093127 -0.0797777289
-0.0382074010 -0.0446416365 0.0099612270 -0.0469850589 -0.0593589799 -0.0529833736 -0.0102661054 -0.0394933829 -0.0159982678 -0.0424987666
0.0017505219 -0.0446416365 -0.0396181284 -0.1009233664 -0.0290880170 -0.0301235359 0.0449584616 -0.0501947079 -0.0683297436 -0.1294830119
0.0453409833 -0.0446416365 0.0713965152 0.0012151308 -0.0098246770 -0.0010007290 0.0155053592 -0.0394933829 -0.0411803852 -0.0714935151
-0.0709002471 0.0506801187 -0.0751859269 -0.0400993175 -0.0511032627 -0.0150924097 -0.0397192078 -0.0025922620 -0.0964332229 -0.0342145528
0.0453409833 -0.0446416365 -0.0062059541 0.0115437429 0.0631008245 0.0162224364 0.0965013909 -0.0394933829 0.0428956879 -0.0383566597
-0.0527375548 0.0506801187 -0.0406959405 -0.0676422830 -0.0318399227 -0.0370128021 0.0375951860 -0.0394933829 -0.0345237153 0.0693381201
-0.0454724779 -0.0446416365 -0.0482406250 -0.0194420933 -0.0001930070 -0.0160318551 0.0670482885 -0.0394933829 -0.0247911874 0.0196328371
0.0126481373 -0.0446416365 -0.0256065715 -0.0400993175 -0.0304639698 -0.0451546621 0.0780932019 -0.0763945038 -0.0721284546 0.0113486232
0.0453409833 -0.0446416365 0.0519958979 -0.0538708003 0.0631008245 0.0647604480 -0.0102661054 0.0343088589 0.0372320112 0.0196328371
-0.0200447088 -0.0446416365 0.0045721666 0.0976155103 0.0053108045 -0.0207290821 0.0633666507 -0.0394933829 0.0125531528 0.0113486232
-0.0491050164 -0.0446416365 -0.0644078061 -0.1020709900 -0.0029449127 -0.0154055582 0.0633666507 -0.0472426183 -0.0332487872 -0.0549250874
-0.0781653240 -0.0446416365 -0.0169840749 -0.0125563519 -0.0001930070 -0.0135266674 0.0707299263 -0.0394933829 -0.0411803852 -0.0922040496
-0.0709002471 -0.0446416365 -0.0579409337 -0.0814137658 -0.0455994513 -0.0288709421 -0.0434008457 -0.0025922620 0.0011437974 -0.0052198044
0.0562385987 0.0506801187 0.0099612270 0.0494153205 -0.0043208655 -0.0122740736 -0.0434008457 0.0343088589 0.0607877542 0.0320591578
-0.0273097857 -0.0446416365 0.0886415084 -0.0251802112 0.0218222388 0.0425269072 -0.0323559322 0.0343088589 0.0028637705 0.0776223339
0.0017505219 0.0506801187 -0.0051281421 -0.0125563519 -0.0153284884 -0.0138398159 0.0081420836 -0.0394933829 -0.0060802482 -0.0673514081
-0.0018820165 -0.0446416365 -0.0644078061 0.0115437429 0.0273260502 0.0375165318 -0.0139477432 0.0343088589 0.0117839004 -0.0549250874
0.0162806757 -0.0446416365 0.0175059115 -0.0228849640 0.0603489188 0.0444057980 0.0302319104 -0.0025922620 0.0372320112 -0.0010776975
0.0162806757 0.0506801187 -0.0450071888 0.0631868033 0.0108146159 -0.0003744320 0.0633666507 -0.0394933829 -0.0307512099 0.0362012647
-0.0926954778 -0.0446416365 0.0282840322 -0.0159992226 0.0369577202 0.0249905934 0.0560033751 -0.0394933829 -0.0051453080 -0.0010776975
0.0598711371 0.0506801187 0.0412177771 0.0115437429 0.0410855788 0.0707102688 -0.0360375700 0.0343088589 -0.0109044358 -0.0300724459
-0.0273097857 -0.0446416365 0.0649296427 -0.0022277399 -0.0249601584 -0.0172844490 0.0228686348 -0.0394933829 -0.0611765951 -0.0632093012
0.0235457526 0.0506801187 -0.0320734439 -0.0400993175 -0.0318399227 -0.0216685274 -0.0139477432 -0.0025922620 -0.0109044358 0.0196328371
-0.0963280163 -0.0446416365 -0.0762637389 -0.0435421882 -0.0455994513 -0.0348207628 0.0081420836 -0.0394933829 -0.0594726974 -0.0839198358
0.0271782911 -0.0446416365 0.0498402737 -0.0550184238 -0.0029449127 0.0406480165 -0.0581273969 0.0527594193 -0.0529587932 -0.0052198044
0.0199132142 0.0506801187 0.0455290254 0.0299057198 -0.0621108856 -0.0558017098 -0.0728539481 0.0269286347 0.0456008084 0.0403433716
0.0380759064 0.0506801187 -0.0094393904 0.0023627544 0.0011829459 0.0375165318 -0.0544457591 0.0501763409 -0.0259524244 0.1066170823
0.0417084449 0.0506801187 -0.0320734439 -0.0228849640 -0.0497273099 -0.0401442867 0.0302319104 -0.0394933829 -0.1260973856 0.0154907302
0.0199132142 -0.0446416365 0.0045721666 -0.0263278347 0.0231981916 0.0102726157 0.0670482885 -0.0394933829 -0.0236445576 -0.0466408736
-0.0854304009 -0.0446416365 0.0207393477 -0.0263278347 0.0053108045 0.0196670695 -0.0029028298 -0.0025922620 -0.0236445576 0.0030644094
0.0199132142 0.0506801187 0.0142724753 0.0631868033 0.0149424745 0.0202933664 -0.0470824835 0.0343088589 0.0466607724 0.0900486546
0.0235457526 -0.0446416365 0.1101977498 0.0631868033 0.0135665216 -0.0329418721 -0.0249926566 0.0206554442 0.0992402257 0.0237749440
-0.0309423241 0.0506801187 0.0013387304 -0.0056706106 0.0644767774 0.0494161734 -0.0470824835 0.1081111006 0.0837967664 0.0030644094
0.0489735218 0.0506801187 0.0584627703 0.0700725447 0.0135665216 0.0206065149 -0.0213110188 0.0343088589 0.0220040505 0.0279170509
0.0598711371 -0.0446416365 -0.0212953232 0.0872868982 0.0452134374 0.0315667111 -0.0470824835 0.0712099798 0.0791210814 0.1356118307
-0.0563700933 0.0506801187 -0.0105172024 0.0253152257 0.0231981916 0.0400217195 -0.0397192078 0.0343088589 0.0206123307 0.0569117993
0.0162806757 -0.0446416365 -0.0471628129 -0.0022277399 -0.0194563470 -0.0429626228 0.0339135482 -0.0394933829 0.0273677075 0.0279170509
-0.0491050164 -0.0446416365 0.0045721666 0.0115437429 -0.0373437341 -0.0185370428 -0.0176293810 -0.0025922620 -0.0398095944 -0.0217882321
0.0635036756 -0.0446416365 0.0175059115 0.0218723550 0.0080627102 0.0215459603 -0.0360375700 0.0343088589 0.0199084209 0.0113486232
0.0489735218 0.0506801187 0.0810968238 0.0218723550 0.0438374845 0.0641341511 -0.0544457591 0.0712099798 0.0324332258 0.0486275855
0.0053830604 0.0506801187 0.0347509047 -0.0010801163 0.1525377603 0.1987879897 -0.0618090347 0.1852344433 0.0155668445 0.0734802270
-0.0055145550 -0.0446416365 0.0239727839 0.0081008722 -0.0345918284 -0.0388916928 0.0228686348 -0.0394933829 -0.0159982678 -0.0135040182
-0.0055145550 0.0506801187 -0.0083615783 -0.0022277399 -0.0332158756 -0.0636304213 -0.0360375700 -0.0025922620 0.0805854642 0.0072065163
-0.0890629394 -0.0446416365 -0.0611743699 -0.0263278347 -0.0552311213 -0.0545491159 0.0412768238 -0.0763945038 -0.0939356455 -0.0549250874
0.0344433680 0.0506801187 -0.0018947058 -0.0125563519 0.0383336731 0.0137172487 0.0780932019 -0.0394933829 0.0045518905 -0.0963461565
-0.0527375548 -0.0446416365 -0.0622521820 -0.0263278347 -0.0056968184 -0.0050716590 0.0302319104 -0.0394933829 -0.0307512099 -0.0714935151
0.0090155988 -0.0446416365 0.0164280994 0.0046580015 0.0094386630 0.0105857641 -0.0286742944 0.0343088589 0.0389683660 0.1190434030
-0.0636351702 0.0506801187 0.0961861929 0.1045012516 -0.0029449127 -0.0047585105 -0.0065844676 -0.0025922620 0.0226920226 0.0734802270
-0.0963280163 -0.0446416365 -0.0697968665 -0.0676422830 -0.0194563470 -0.0107083313 0.0155053592 -0.0394933829 -0.0468794828 -0.0797777289
0.0162806757 0.0506801187 -0.0212953232 -0.0091134812 0.0342058145 0.0478504311 0.0007788080 -0.0025922620 -0.0129079423 0.0237749440
-0.0418399395 0.0506801187 -0.0536296854 -0.0400993175 -0.0841261313 -0.0717722813 -0.0029028298 -0.0394933829 -0.0721284546 -0.0300724459
-0.0745327855 -0.0446416365 0.0433734013 -0.0332135761 0.0121905688 0.0002518649 0.0633666507 -0.0394933829 -0.0271286456 -0.0466408736
-0.0055145550 -0.0446416365 0.0563071461 -0.0366564468 -0.0483513570 -0.0429626228 -0.0728539481 0.0379989710 0.0507815134 0.0569117993
-0.0926954778 -0.0446416365 -0.0816527993 -0.0573136710 -0.0607349327 -0.0680144998 0.0486400995 -0.0763945038 -0.0664881482 -0.0217882321
0.0053830604 -0.0446416365 0.0498402737 0.0976155103 -0.0153284884 -0.0163450036 -0.0065844676 -0.0025922620 0.0170371324 -0.0135040182
0.0344433680 0.0506801187 0.1112755619 0.0769582861 -0.0318399227 -0.0338813175 -0.0213110188 -0.0025922620 0.0280165065 0.0734802270
0.0235457526 -0.0446416365 0.0616962065 0.0528581912 -0.0345918284 -0.0489124436 -0.0286742944 -0.0025922620 0.0547240033 -0.0052198044
0.0417084449 0.0506801187 0.0142724753 0.0425295792 -0.0304639698 -0.0013138774 -0.0434008457 -0.0025922620 -0.0332487872 0.0154907302
-0.0273097857 -0.0446416365 0.0476846496 -0.0469850589 0.0342058145 0.0572448849 -0.0802172237 0.1302517732 0.0450661683 0.1314697238
0.0417084449 0.0506801187 0.0121168511 0.0390867085 0.0548451074 0.0444057980 0.0044604458 -0.0025922620 0.0456008084 -0.0010776975
-0.0309423241 -0.0446416365 0.0056499787 -0.0091134812 0.0190703331 0.0068279826 0.0744115641 -0.0394933829 -0.0411803852 -0.0424987666
0.0308108295 0.0506801187 0.0466068375 -0.0159992226 0.0204462859 0.0506687672 -0.0581273969 0.0712099798 0.0062093156 0.0072065163
-0.0418399395 -0.0446416365 0.1285205551 0.0631868033 -0.0332158756 -0.0326287236 0.0118237214 -0.0394933829 -0.0159982678 -0.0507829805
-0.0309423241 0.0506801187 0.0595405824 0.0012151308 0.0121905688 0.0315667111 -0.0434008457 0.0343088589 0.0148227108 0.0072065163
-0.0563700933 -0.0446416365 0.0929527567 -0.0194420933 0.0149424745 0.0234248511 -0.0286742944 0.0254525899 0.0260560896 0.0403433716
-0.0600026317 0.0506801187 0.0153502873 -0.0194420933 0.0369577202 0.0481635795 0.0191869970 -0.0025922620 -0.0307512099 -0.0010776975
-0.0491050164 0.0506801187 -0.0051281421 -0.0469850589 -0.0208322998 -0.0204159336 -0.0691723103 0.0712099798 0.0612379075 -0.0383566597
0.0235457526 -0.0446416365 0.0703187031 0.0253152257 -0.0345918284 -0.0144661128 -0.0323559322 -0.0025922620 -0.0191970476 -0.0093619113
0.0017505219 -0.0446416365 -0.0040503300 -0.0056706106 -0.0084487241 -0.0238605667 0.0523217373 -0.0394933829 -0.0089440190 -0.0135040182
-0.0345748626 0.0506801187 -0.0008168938 0.0700725447 0.0397096259 0.0669524872 -0.0654906725 0.1081111006 0.0267142576 0.0734802270
0.0417084449 0.0506801187 -0.0439293767 0.0631868033 -0.0043208655 0.0162224364 -0.0139477432 -0.0025922620 -0.0345237153 0.0113486232
0.0671362140 0.0506801187 0.0207393477 -0.0056706106 0.0204462859 0.0262431872 -0.0029028298 -0.0025922620 0.0086402829 0.0030644094
-0.0273097857 0.0506801187 0.0606183944 0.0494153205 0.0851160702 0.0863676919 -0.0029028298 0.0343088589 0.0378144788 0.0486275855
-0.0164121703 -0.0446416365 -0.0105172024 0.0012151308 -0.0373437341 -0.0357602082 0.0118237214 -0.0394933829 -0.0213936809 -0.0342145528
-0.0018820165 0.0506801187 -0.0331512560 -0.0182944698 0.0314539088 0.0428400557 -0.0139477432 0.0199174217 0.0102256424 0.0279170509
-0.0127796319 -0.0446416365 -0.0654856182 -0.0699375302 0.0011829459 0.0168487334 -0.0029028298 -0.0070203965 -0.0307512099 -0.0507829805
-0.0055145550 -0.0446416365 0.0433734013 0.0872868982 0.0135665216 0.0071411310 -0.0139477432 -0.0025922620 0.0423448954 -0.0176461252
-0.0091470934 -0.0446416365 -0.0622521820 -0.0745280244 -0.0235842056 -0.0132135190 0.0044604458 -0.0394933829 -0.0358167281 -0.0466408736
-0.0454724779 0.0506801187 0.0638518307 0.0700725447 0.1332744203 0.1314610704 -0.0397192078 0.1081111006 0.0757375885 0.0859065477
-0.0527375548 -0.0446416365 0.0304396564 -0.0745280244 -0.0235842056 -0.0113346282 -0.0029028298 -0.0025922620 -0.0307512099 -0.0010776975
0.0162806757 0.0506801187 0.0724743273 0.0769582861 -0.0084487241 0.0055753887 -0.0065844676 -0.0025922620 -0.0236445576 0.0610539062
0.0453409833 -0.0446416365 -0.0191396990 0.0218723550 0.0273260502 -0.0135266674 0.1001830287 -0.0394933829 0.0177634779 -0.0135040182
-0.0418399395 -0.0446416365 -0.0665634303 -0.0469850589 -0.0373437341 -0.0432757713 0.0486400995 -0.0394933829 -0.0561575731 -0.0135040182
-0.0563700933 0.0506801187 -0.0600965578 -0.0366564468 -0.0882539899 -0.0708328359 -0.0139477432 -0.0394933829 -0.0781409107 -0.1046303704
0.0707687525 -0.0446416365 0.0692408910 0.0379390850 0.0218222388 0.0015044587 -0.0360375700 0.0391060046 0.0776327892 0.1066170823
0.0017505219 0.0506801187 0.0595405824 -0.0022277399 0.0617248717 0.0631947057 -0.0581273969 0.1081111006 0.0689822116 0.1273276169
-0.0018820165 -0.0446416365 -0.0266843835 0.0494153205 0.0589729659 -0.0160318551 -0.0470824835 0.0712099798 0.1335989800 0.0196328371
0.0235457526 0.0506801187 -0.0202175111 -0.0366564468 -0.0139525355 -0.0150924097 0.0596850129 -0.0394933829 -0.0964332229 -0.0176461252
-0.0200447088 -0.0446416365 -0.0460850009 -0.0986281193 -0.0758704142 -0.0598726398 -0.0176293810 -0.0394933829 -0.0514005353 -0.0466408736
0.0417084449 0.0506801187 0.0713965152 0.0081008722 0.0383336731 0.0159092880 -0.0176293810 0.0343088589 0.0734100780 0.0859065477
-0.0636351702 0.0506801187 -0.0794971752 -0.0056706106 -0.0717425556 -0.0664487575 -0.0102661054 -0.0394933829 -0.0181182673 -0.0549250874
0.0162806757 0.0506801187 0.0099612270 -0.0435421882 -0.0965097070 -0.0946321190 -0.0397192078 -0.0394933829 0.0170371324 0.0072065163
0.0671362140 -0.0446416365 -0.0385403164 -0.0263278347 -0.0318399227 -0.0263657544 0.0081420836 -0.0394933829 -0.0271286456 0.0030644094
0.0453409833 0.0506801187 0.0196615356 0.0390867085 0.0204462859 0.0259300387 0.0081420836 -0.0025922620 -0.0033037126 0.0196328371
0.0489735218 -0.0446416365 0.0272062202 -0.0251802112 0.0231981916 0.0184144757 -0.0618090347 0.0800662488 0.0722236508 0.0320591578
0.0417084449 -0.0446416365 -0.0083615783 -0.0263278347 0.0245741445 0.0162224364 0.0707299263 -0.0394933829 -0.0483617248 -0.0300724459
-0.0236772472 -0.0446416365 -0.0159062628 -0.0125563519 0.0204462859 0.0412743134 -0.0434008457 0.0343088589 0.0140724525 -0.0093619113
-0.0382074010 0.0506801187 0.0045721666 0.0356438378 -0.0112006298 0.0058885372 -0.0470824835 0.0343088589 0.0163049528 -0.0010776975
0.0489735218 -0.0446416365 -0.0428515646 -0.0538708003 0.0452134374 0.0500424703 0.0339135482 -0.0025922620 -0.0259524244 -0.0632093012
0.0453409833 0.0506801187 0.0056499787 0.0563010619 0.0644767774 0.0891860280 -0.0397192078 0.0712099798 0.0155668445 -0.0093619113
0.0453409833 0.0506801187 -0.0353068801 0.0631868033 -0.0043208655 -0.0016270259 -0.0102661054 -0.0025922620 0.0155668445 0.0569117993
0.0162806757 -0.0446416365 0.0239727839 -0.0228849640 -0.0249601584 -0.0260526059 -0.0323559322 -0.0025922620 0.0372320112 0.0320591578
-0.0745327855 0.0506801187 -0.0180618869 0.0081008722 -0.0194563470 -0.0248000121 -0.0654906725 0.0343088589 0.0673172179 -0.0176461252
-0.0817978625 0.0506801187 0.0422955892 -0.0194420933 0.0397096259 0.0575580334 -0.0691723103 0.1081111006 0.0471861679 -0.0383566597
-0.0672677086 -0.0446416365 -0.0547074975 -0.0263278347 -0.0758704142 -0.0821061806 0.0486400995 -0.0763945038 -0.0868289932 -0.1046303704
0.0053830604 -0.0446416365 -0.0029725179 0.0494153205 0.0741084474 0.0707102688 0.0449584616 -0.0025922620 -0.0014985868 -0.0093619113
-0.0018820165 -0.0446416365 -0.0665634303 0.0012151308 -0.0029449127 0.0030702010 0.0118237214 -0.0025922620 -0.0202887478 -0.0259303390
0.0090155988 -0.0446416365 -0.0126728266 0.0287580964 -0.0180803941 -0.0050716590 -0.0470824835 0.0343088589 0.0233748413 -0.0052198044
-0.0055145550 0.0506801187 -0.0417737526 -0.0435421882 -0.0799982727 -0.0761563598 -0.0323559322 -0.0394933829 0.0102256424 -0.0093619113
0.0562385987 0.0506801187 -0.0309956318 0.0081008722 0.0190703331 0.0212328118 0.0339135482 -0.0394933829 -0.0295276227 -0.0590671943
0.0090155988 0.0506801187 -0.0051281421 -0.0641994123 0.0699805888 0.0838625042 -0.0397192078 0.0712099798 0.0395398781 0.0196328371
-0.0672677086 -0.0446416365 -0.0590187458 0.0322009671 -0.0511032627 -0.0495387405 -0.0102661054 -0.0394933829 0.0020078405 0.0237749440
0.0271782911 0.0506801187 0.0250505960 0.0149866136 0.0259500973 0.0484767280 -0.0397192078 0.0343088589 0.0078371423 0.0237749440
-0.0236772472 -0.0446416365 -0.0460850009 -0.0332135761 0.0328298616 0.0362639380 0.0375951860 -0.0025922620 -0.0332487872 0.0113486232
0.0489735218 0.0506801187 0.0034943545 0.0700725447 -0.0084487241 0.0134041003 -0.0544457591 0.0343088589 0.0133159679 0.0362012647
-0.0527375548 -0.0446416365 0.0541515220 -0.0263278347 -0.0552311213 -0.0338813175 -0.0139477432 -0.0394933829 -0.0740888715 -0.0590671943
0.0417084449 -0.0446416365 -0.0450071888 0.0344962143 0.0438374845 -0.0157187067 0.0375951860 -0.0144006207 0.0898986933 0.0072065163
0.0562385987 -0.0446416365 -0.0579409337 -0.0079658577 0.0520932016 0.0491030249 0.0560033751 -0.0214118336 -0.0283202425 0.0444854786
-0.0345748626 0.0506801187 -0.0557853095 -0.0159992226 -0.0098246770 -0.0078899951 0.0375951860 -0.0394933829 -0.0529587932 0.0279170509
0.0816663678 0.0506801187 0.0013387304 0.0356438378 0.1263946560 0.0910649188 0.0191869970 0.0343088589 0.0844952822 -0.0300724459
-0.0018820165 0.0506801187 0.0304396564 0.0528581912 0.0397096259 0.0566185880 -0.0397192078 0.0712099798 0.0253931349 0.0279170509
0.1107266755 0.0506801187 0.0067277908 0.0287580964 -0.0277120641 -0.0072636982 -0.0470824835 0.0343088589 0.0020078405 0.0776223339
-0.0309423241 -0.0446416365 0.0466068375 0.0149866136 -0.0167044413 -0.0470335528 0.0007788080 -0.0025922620 0.0634559214 -0.0259303390
0.0017505219 0.0506801187 0.0261284081 -0.0091134812 0.0245741445 0.0384559772 -0.0213110188 0.0343088589 0.0094364091 0.0030644094
0.0090155988 -0.0446416365 0.0455290254 0.0287580964 0.0121905688 -0.0138398159 0.0265502726 -0.0394933829 0.0461323310 0.0362012647
0.0308108295 -0.0446416365 0.0401399650 0.0769582861 0.0176943802 0.0378296803 -0.0286742944 0.0343088589 -0.0014985868 0.1190434030
0.0380759064 0.0506801187 -0.0180618869 0.0666296740 -0.0511032627 -0.0166581521 -0.0765355859 0.0343088589 -0.0119006848 -0.0135040182
0.0090155988 -0.0446416365 0.0142724753 0.0149866136 0.0548451074 0.0472241342 0.0707299263 -0.0394933829 -0.0332487872 -0.0590671943
0.0925639832 -0.0446416365 0.0369065288 0.0218723550 -0.0249601584 -0.0166581521 0.0007788080 -0.0394933829 -0.0225121719 -0.0217882321
0.0671362140 -0.0446416365 0.0034943545 0.0356438378 0.0493412959 0.0312535626 0.0707299263 -0.0394933829 -0.0006092542 0.0196328371
0.0017505219 -0.0446416365 -0.0708746786 -0.0228849640 -0.0015689598 -0.0010007290 0.0265502726 -0.0394933829 -0.0225121719 0.0072065163
0.0308108295 -0.0446416365 -0.0331512560 -0.0228849640 -0.0469754041 -0.0811667352 0.1038646665 -0.0763945038 -0.0398095944 -0.0549250874
0.0271782911 0.0506801187 0.0940305687 0.0976155103 -0.0345918284 -0.0320024267 -0.0434008457 -0.0025922620 0.0366457978 0.1066170823
0.0126481373 0.0506801187 0.0358287167 0.0494153205 0.0534691545 0.0741549019 -0.0691723103 0.1450122215 0.0456008084 0.0486275855
0.0744012909 -0.0446416365 0.0315174685 0.1010583810 0.0465893902 0.0368902349 0.0155053592 -0.0025922620 0.0336568129 0.0444854786
-0.0418399395 -0.0446416365 -0.0654856182 -0.0400993175 -0.0056968184 0.0143435457 -0.0434008457 0.0343088589 0.0070268625 -0.0135040182
-0.0890629394 -0.0446416365 -0.0417737526 -0.0194420933 -0.0662387442 -0.0742774690 0.0081420836 -0.0394933829 0.0011437974 -0.0300724459
0.0235457526 0.0506801187 -0.0396181284 -0.0056706106 -0.0483513570 -0.0332550205 0.0118237214 -0.0394933829 -0.1016435479 -0.0673514081
-0.0454724779 -0.0446416365 -0.0385403164 -0.0263278347 -0.0153284884 0.0008781618 -0.0323559322 -0.0025922620 0.0011437974 -0.0383566597
-0.0236772472 0.0506801187 -0.0256065715 0.0425295792 -0.0538551684 -0.0476598498 -0.0213110188 -0.0394933829 0.0011437974 0.0196328371
-0.0999605547 -0.0446416365 -0.0234509473 -0.0641994123 -0.0579830270 -0.0601857882 0.0118237214 -0.0394933829 -0.0181182673 -0.0507829805
-0.0273097857 -0.0446416365 -0.0665634303 -0.1123996021 -0.0497273099 -0.0413968805 0.0007788080 -0.0394933829 -0.0358167281 -0.0093619113
0.0308108295 0.0506801187 0.0325952805 0.0494153205 -0.0400956398 -0.0435889198 -0.0691723103 0.0343088589 0.0630166151 0.0030644094
-0.1035930932 0.0506801187 -0.0460850009 -0.0263278347 -0.0249601584 -0.0248000121 0.0302319104 -0.0394933829 -0.0398095944 -0.0549250874
0.0671362140 0.0506801187 -0.0299178198 0.0574486854 -0.0001930070 -0.0157187067 0.0744115641 -0.0505637191 -0.0384591123 0.0072065163
-0.0527375548 -0.0446416365 -0.0126728266 -0.0607565417 -0.0001930070 0.0080805764 0.0118237214 -0.0025922620 -0.0271286456 -0.0507829805
-0.0273097857 0.0506801187 -0.0159062628 -0.0297707054 0.0039348516 -0.0006875805 0.0412768238 -0.0394933829 -0.0236445576 0.0113486232
-0.0382074010 0.0506801187 0.0713965152 -0.0573136710 0.1539137132 0.1558866504 0.0007788080 0.0719480022 0.0502764934 0.0693381201
0.0090155988 -0.0446416365 -0.0309956318 0.0218723550 0.0080627102 0.0087068734 0.0044604458 -0.0025922620 0.0094364091 0.0113486232
0.0126481373 0.0506801187 0.0002609183 -0.0114087284 0.0397096259 0.0572448849 -0.0397192078 0.0560805202 0.0240525832 0.0320591578
0.0671362140 -0.0446416365 0.0369065288 -0.0504279296 -0.0235842056 -0.0345076144 0.0486400995 -0.0394933829 -0.0259524244 -0.0383566597
0.0453409833 -0.0446416365 0.0390621530 0.0459724499 0.0066867573 -0.0241737151 0.0081420836 -0.0125555646 0.0643282330 0.0569117993
0.0671362140 0.0506801187 -0.0148284507 0.0585963092 -0.0593589799 -0.0345076144 -0.0618090347 0.0129062088 -0.0051453080 0.0486275855
0.0271782911 -0.0446416365 0.0067277908 0.0356438378 0.0796122588 0.0707102688 0.0155053592 0.0343088589 0.0406722637 0.0113486232
0.0562385987 -0.0446416365 -0.0687190544 -0.0687899066 -0.0001930070 -0.0010007290 0.0449584616 -0.0376483268 -0.0483617248 -0.0010776975
0.0344433680 0.0506801187 -0.0094393904 0.0597439326 -0.0359677813 -0.0075768467 -0.0765355859 0.0712099798 0.0110081010 -0.0217882321
0.0235457526 -0.0446416365 0.0196615356 -0.0125563519 0.0837401174 0.0387691257 0.0633666507 -0.0025922620 0.0660482062 0.0486275855
0.0489735218 0.0506801187 0.0746299514 0.0666296740 -0.0098246770 -0.0022533228 -0.0434008457 0.0343088589 0.0336568129 0.0196328371
0.0308108295 0.0506801187 -0.0083615783 0.0046580015 0.0149424745 0.0274957811 0.0081420836 -0.0081274301 -0.0295276227 0.0569117993
-0.1035930932 0.0506801187 -0.0234509473 -0.0228849640 -0.0868780370 -0.0677013513 -0.0176293810 -0.0394933829 -0.0781409107 -0.0714935151
0.0162806757 0.0506801187 -0.0460850009 0.0115437429 -0.0332158756 -0.0160318551 -0.0102661054 -0.0025922620 -0.0439854026 -0.0424987666
-0.0600026317 0.0506801187 0.0541515220 -0.0194420933 -0.0497273099 -0.0489124436 0.0228686348 -0.0394933829 -0.0439854026 -0.0052198044
-0.0273097857 -0.0446416365 -0.0353068801 -0.0297707054 -0.0566070741 -0.0586200459 0.0302319104 -0.0394933829 -0.0498684677 -0.1294830119
0.0417084449 -0.0446416365 -0.0320734439 -0.0619041652 0.0796122588 0.0509819157 0.0560033751 -0.0099724862 0.0450661683 -0.0590671943
-0.0817978625 -0.0446416365 -0.0816527993 -0.0400993175 0.0025588988 -0.0185370428 0.0707299263 -0.0394933829 -0.0109044358 -0.0922040496
-0.0418399395 -0.0446416365 0.0476846496 0.0597439326 0.1277706089 0.1280164373 -0.0249926566 0.1081111006 0.0638931206 0.0403433716
-0.0127796319 -0.0446416365 0.0606183944 0.0528581912 0.0479653431 0.0293746718 -0.0176293810 0.0343088589 0.0702112982 0.0072065163
0.0671362140 -0.0446416365 0.0563071461 0.0735154154 -0.0139525355 -0.0392048413 -0.0323559322 -0.0025922620 0.0757375885 0.0362012647
-0.0527375548 0.0506801187 0.0983418170 0.0872868982 0.0603489188 0.0487898765 -0.0581273969 0.1081111006 0.0844952822 0.0403433716
0.0053830604 -0.0446416365 0.0595405824 -0.0561660474 0.0245741445 0.0528608065 -0.0434008457 0.0509143633 -0.0042198597 -0.0300724459
0.0816663678 -0.0446416365 0.0336730926 0.0081008722 0.0520932016 0.0566185880 -0.0176293810 0.0343088589 0.0348641931 0.0693381201
0.0308108295 0.0506801187 0.0563071461 0.0769582861 0.0493412959 -0.0122740736 -0.0360375700 0.0712099798 0.1200533820 0.0900486546
0.0017505219 -0.0446416365 -0.0654856182 -0.0056706106 -0.0070727713 -0.0194764882 0.0412768238 -0.0394933829 -0.0033037126 0.0072065163
-0.0491050164 -0.0446416365 0.1608549173 -0.0469850589 -0.0290880170 -0.0197896367 -0.0470824835 0.0343088589 0.0280165065 0.0113486232
-0.0273097857 0.0506801187 -0.0557853095 0.0253152257 -0.0070727713 -0.0235474182 0.0523217373 -0.0394933829 -0.0051453080 -0.0507829805
0.0780338294 0.0506801187 -0.0245287594 -0.0423945646 0.0066867573 0.0528608065 -0.0691723103 0.0808042712 -0.0371283460 0.0569117993
0.0126481373 -0.0446416365 -0.0363846922 0.0425295792 -0.0139525355 0.0129343776 -0.0268334755 0.0051569734 -0.0439854026 0.0072065163
0.0417084449 -0.0446416365 -0.0083615783 -0.0573136710 0.0080627102 -0.0313761298 0.1517259580 -0.0763945038 -0.0802365402 -0.0176461252
0.0489735218 -0.0446416365 -0.0417737526 0.1045012516 0.0355817674 -0.0257394574 0.1774974226 -0.0763945038 -0.0129079423 0.0154907302
-0.0164121703 0.0506801187 0.1274427430 0.0976155103 0.0163184273 0.0174750303 -0.0213110188 0.0343088589 0.0348641931 0.0030644094
-0.0745327855 0.0506801187 -0.0773415510 -0.0469850589 -0.0469754041 -0.0326287236 0.0044604458 -0.0394933829 -0.0721284546 -0.0176461252
0.0344433680 0.0506801187 0.0282840322 -0.0332135761 -0.0455994513 -0.0097688859 -0.0507641213 -0.0025922620 -0.0594726974 -0.0217882321
-0.0345748626 0.0506801187 -0.0256065715 -0.0171468462 0.0011829459 -0.0028796197 0.0081420836 -0.0155076543 0.0148227108 0.0403433716
-0.0527375548 0.0506801187 -0.0622521820 0.0115437429 -0.0084487241 -0.0366996536 0.1222728555 -0.0763945038 -0.0868289932 0.0030644094
0.0598711371 -0.0446416365 -0.0008168938 -0.0848566365 0.0754844002 0.0794784257 0.0044604458 0.0343088589 0.0233748413 0.0279170509
0.0635036756 0.0506801187 0.0886415084 0.0700725447 0.0204462859 0.0375165318 -0.0507641213 0.0712099798 0.0293004133 0.0734802270
0.0090155988 -0.0446416365 -0.0320734439 -0.0263278347 0.0424615316 -0.0103951828 0.1590892336 -0.0763945038 -0.0119006848 -0.0383566597
0.0053830604 0.0506801187 0.0304396564 0.0838440275 -0.0373437341 -0.0473467013 0.0155053592 -0.0394933829 0.0086402829 0.0154907302
0.0380759064 0.0506801187 0.0088834149 0.0425295792 -0.0428475456 -0.0210422305 -0.0397192078 -0.0025922620 -0.0181182673 0.0072065163
0.0126481373 -0.0446416365 0.0067277908 -0.0561660474 -0.0758704142 -0.0664487575 -0.0213110188 -0.0376483268 -0.0181182673 -0.0922040496
0.0744012909 0.0506801187 -0.0202175111 0.0459724499 0.0741084474 0.0328193049 -0.0360375700 0.0712099798 0.1063542767 0.0362012647
0.0162806757 -0.0446416365 -0.0245287594 0.0356438378 -0.0070727713 -0.0031927682 -0.0139477432 -0.0025922620 0.0155668445 0.0154907302
-0.0055145550 0.0506801187 -0.0115950145 0.0115437429 -0.0222082527 -0.0154055582 -0.0213110188 -0.0025922620 0.0110081010 0.0693381201
0.0126481373 -0.0446416365 0.0261284081 0.0631868033 0.1250187031 0.0916912157 0.0633666507 -0.0025922620 0.0575728562 -0.0217882321
-0.0345748626 -0.0446416365 -0.0590187458 0.0012151308 -0.0538551684 -0.0780352506 0.0670482885 -0.0763945038 -0.0213936809 0.0154907302
0.0671362140 0.0506801187 -0.0363846922 -0.0848566365 -0.0070727713 0.0196670695 -0.0544457591 0.0343088589 0.0011437974 0.0320591578
0.0380759064 0.0506801187 -0.0245287594 0.0046580015 -0.0263361113 -0.0263657544 0.0155053592 -0.0394933829 -0.0159982678 -0.0259303390
0.0090155988 0.0506801187 0.0185837236 0.0390867085 0.0176943802 0.0105857641 0.0191869970 -0.0025922620 0.0163049528 -0.0176461252
-0.0926954778 0.0506801187 -0.0902752959 -0.0573136710 -0.0249601584 -0.0304366844 -0.0065844676 -0.0025922620 0.0240525832 0.0030644094
0.0707687525 -0.0446416365 -0.0051281421 -0.0056706106 0.0878679760 0.1029645603 0.0118237214 0.0343088589 -0.0089440190 0.0279170509
-0.0164121703 -0.0446416365 -0.0525518733 -0.0332135761 -0.0442234984 -0.0363865051 0.0191869970 -0.0394933829 -0.0683297436 -0.0300724459
0.0417084449 0.0506801187 -0.0223731352 0.0287580964 -0.0662387442 -0.0451546621 -0.0618090347 -0.0025922620 0.0028637705 -0.0549250874
0.0126481373 -0.0446416365 -0.0202175111 -0.0159992226 0.0121905688 0.0212328118 -0.0765355859 0.1081111006 0.0598807231 -0.0217882321
-0.0382074010 -0.0446416365 -0.0547074975 -0.0779708951 -0.0332158756 -0.0864902590 0.1406810446 -0.0763945038 -0.0191970476 -0.0052198044
0.0453409833 -0.0446416365 -0.0062059541 -0.0159992226 0.1250187031 0.1251981011 0.0191869970 0.0343088589 0.0324332258 -0.0052198044
0.0707687525 0.0506801187 -0.0169840749 0.0218723550 0.0438374845 0.0563054395 0.0375951860 -0.0025922620 -0.0702093127 -0.0176461252
-0.0745327855 0.0506801187 0.0552293341 -0.0400993175 0.0534691545 0.0531739549 -0.0434008457 0.0712099798 0.0612379075 -0.0342145528
0.0598711371 0.0506801187 0.0767855756 0.0253152257 0.0011829459 0.0168487334 -0.0544457591 0.0343088589 0.0299356484 0.0444854786
0.0744012909 -0.0446416365 0.0185837236 0.0631868033 0.0617248717 0.0428400557 0.0081420836 -0.0025922620 0.0580391277 -0.0590671943
0.0090155988 -0.0446416365 -0.0223731352 -0.0320659526 -0.0497273099 -0.0686407967 0.0780932019 -0.0708593356 -0.0629129499 -0.0383566597
-0.0709002471 -0.0446416365 0.0929527567 0.0126913665 0.0204462859 0.0425269072 0.0007788080 0.0003598277 -0.0545441527 -0.0010776975
0.0235457526 0.0506801187 -0.0309956318 -0.0056706106 -0.0167044413 0.0177881787 -0.0323559322 -0.0025922620 -0.0740888715 -0.0342145528
-0.0527375548 0.0506801187 0.0390621530 -0.0400993175 -0.0056968184 -0.0129003705 0.0118237214 -0.0394933829 0.0163049528 0.0030644094
0.0671362140 -0.0446416365 -0.0611743699 -0.0400993175 -0.0263361113 -0.0244868636 0.0339135482 -0.0394933829 -0.0561575731 -0.0590671943
0.0017505219 -0.0446416365 -0.0083615783 -0.0641994123 -0.0387196870 -0.0244868636 0.0044604458 -0.0394933829 -0.0646830225 -0.0549250874
0.0235457526 0.0506801187 -0.0374625043 -0.0469850589 -0.0910058956 -0.0755300629 -0.0323559322 -0.0394933829 -0.0307512099 -0.0135040182
0.0380759064 0.0506801187 -0.0137506387 -0.0159992226 -0.0359677813 -0.0219816759 -0.0139477432 -0.0025922620 -0.0259524244 -0.0010776975
0.0162806757 -0.0446416365 0.0735521393 -0.0412469410 -0.0043208655 -0.0135266674 -0.0139477432 -0.0011162172 0.0428956879 0.0444854786
-0.0018820165 0.0506801187 -0.0245287594 0.0528581912 0.0273260502 0.0300009688 0.0302319104 -0.0025922620 -0.0213936809 0.0362012647
0.0126481373 -0.0446416365 0.0336730926 0.0333485905 0.0300779559 0.0271826326 -0.0029028298 0.0088470855 0.0311929907 0.0279170509
0.0744012909 -0.0446416365 0.0347509047 0.0941726396 0.0575970131 0.0202933664 0.0228686348 -0.0025922620 0.0738021469 -0.0217882321
0.0417084449 0.0506801187 -0.0385403164 0.0528581912 0.0768603531 0.1164299442 -0.0397192078 0.0712099798 -0.0225121719 -0.0135040182
-0.0091470934 0.0506801187 -0.0396181284 -0.0400993175 -0.0084487241 0.0162224364 -0.0654906725 0.0712099798 0.0177634779 -0.0673514081
0.0090155988 0.0506801187 -0.0018947058 0.0218723550 -0.0387196870 -0.0248000121 -0.0065844676 -0.0394933829 -0.0398095944 -0.0135040182
0.0671362140 0.0506801187 -0.0309956318 0.0046580015 0.0245741445 0.0356376411 -0.0286742944 0.0343088589 0.0233748413 0.0817644408
0.0017505219 -0.0446416365 -0.0460850009 -0.0332135761 -0.0731185084 -0.0814798836 0.0449584616 -0.0693832908 -0.0611765951 -0.0797777289
-0.0091470934 0.0506801187 0.0013387304 -0.0022277399 0.0796122588 0.0700839719 0.0339135482 -0.0025922620 0.0267142576 0.0817644408
-0.0055145550 -0.0446416365 0.0649296427 0.0356438378 -0.0015689598 0.0149698426 -0.0139477432 0.0007288389 -0.0181182673 0.0320591578
0.0961965216 -0.0446416365 0.0401399650 -0.0573136710 0.0452134374 0.0606895180 -0.0213110188 0.0361539149 0.0125531528 0.0237749440
-0.0745327855 -0.0446416365 -0.0234509473 -0.0056706106 -0.0208322998 -0.0141529644 0.0155053592 -0.0394933829 -0.0384591123 -0.0300724459
0.0598711371 0.0506801187 0.0530737099 0.0528581912 0.0328298616 0.0196670695 -0.0102661054 0.0343088589 0.0552050381 -0.0010776975
-0.0236772472 -0.0446416365 0.0401399650 -0.0125563519 -0.0098246770 -0.0010007290 -0.0029028298 -0.0025922620 -0.0119006848 -0.0383566597
0.0090155988 -0.0446416365 -0.0202175111 -0.0538708003 0.0314539088 0.0206065149 0.0560033751 -0.0394933829 -0.0109044358 -0.0010776975
0.0162806757 0.0506801187 0.0142724753 0.0012151308 0.0011829459 -0.0213553790 -0.0323559322 0.0343088589 0.0749683360 0.0403433716
0.0199132142 -0.0446416365 -0.0342290681 0.0551534385 0.0672286831 0.0741549019 -0.0065844676 0.0328328140 0.0247253233 0.0693381201
0.0889314447 -0.0446416365 0.0067277908 0.0253152257 0.0300779559 0.0087068734 0.0633666507 -0.0394933829 0.0094364091 0.0320591578
0.0199132142 -0.0446416365 0.0045721666 0.0459724499 -0.0180803941 -0.0545491159 0.0633666507 -0.0394933829 0.0286607203 0.0610539062
-0.0236772472 -0.0446416365 0.0304396564 -0.0056706106 0.0823641645 0.0920043642 -0.0176293810 0.0712099798 0.0330470724 0.0030644094
0.0961965216 -0.0446416365 0.0519958979 0.0792535333 0.0548451074 0.0365770865 -0.0765355859 0.1413221094 0.0986463743 0.0610539062
0.0235457526 0.0506801187 0.0616962065 0.0620391799 0.0245741445 -0.0360733567 -0.0912621371 0.1553445354 0.1333957338 0.0817644408
0.0707687525 0.0506801187 -0.0072837662 0.0494153205 0.0603489188 -0.0044453620 -0.0544457591 0.1081111006 0.1290194116 0.0569117993
0.0308108295 -0.0446416365 0.0056499787 0.0115437429 0.0782363060 0.0779126834 -0.0434008457 0.1081111006 0.0660482062 0.0196328371
-0.0018820165 -0.0446416365 0.0541515220 -0.0664946595 0.0727324945 0.0566185880 -0.0434008457 0.0848633945 0.0844952822 0.0486275855
0.0453409833 0.0506801187 -0.0083615783 -0.0332135761 -0.0070727713 0.0011913103 -0.0397192078 0.0343088589 0.0299356484 0.0279170509
0.0744012909 -0.0446416365 0.1145089981 0.0287580964 0.0245741445 0.0249905934 0.0191869970 -0.0025922620 -0.0006092542 -0.0052198044
-0.0382074010 -0.0446416365 0.0670852669 -0.0607565417 -0.0290880170 -0.0232342698 -0.0102661054 -0.0025922620 -0.0014985868 0.0196328371
-0.0127796319 0.0506801187 -0.0557853095 -0.0022277399 -0.0277120641 -0.0291840905 0.0191869970 -0.0394933829 -0.0170521046 0.0444854786
0.0090155988 0.0506801187 0.0304396564 0.0425295792 -0.0029449127 0.0368902349 -0.0654906725 0.0712099798 -0.0236445576 0.0154907302
0.0816663678 0.0506801187 -0.0256065715 -0.0366564468 -0.0703666027 -0.0464072559 -0.0397192078 -0.0025922620 -0.0411803852 -0.0052198044
0.0308108295 -0.0446416365 0.1048086895 0.0769582861 -0.0112006298 -0.0113346282 -0.0581273969 0.0343088589 0.0571041874 0.0362012647
0.0271782911 0.0506801187 -0.0062059541 0.0287580964 -0.0167044413 -0.0016270259 -0.0581273969 0.0343088589 0.0293004133 0.0320591578
-0.0600026317 0.0506801187 -0.0471628129 -0.0228849640 -0.0717425556 -0.0576806005 -0.0065844676 -0.0394933829 -0.0629129499 -0.0549250874
0.0053830604 -0.0446416365 -0.0482406250 -0.0125563519 0.0011829459 -0.0066374013 0.0633666507 -0.0394933829 -0.0514005353 -0.0590671943
-0.0200447088 -0.0446416365 0.0854080721 -0.0366564468 0.0919958345 0.0894991765 -0.0618090347 0.1450122215 0.0809479135 0.0527696924
0.0199132142 0.0506801187 -0.0126728266 0.0700725447 -0.0112006298 0.0071411310 -0.0397192078 0.0343088589 0.0053843700 0.0030644094
-0.0636351702 -0.0446416365 -0.0331512560 -0.0332135761 0.0011829459 0.0240511480 -0.0249926566 -0.0025922620 -0.0225121719 -0.0590671943
0.0271782911 -0.0446416365 -0.0072837662 -0.0504279296 0.0754844002 0.0566185880 0.0339135482 -0.0025922620 0.0434431723 0.0154907302
-0.0164121703 -0.0446416365 -0.0137506387 0.1320442172 -0.0098246770 -0.0038190651 0.0191869970 -0.0394933829 -0.0358167281 -0.0300724459
0.0308108295 0.0506801187 0.0595405824 0.0563010619 -0.0222082527 0.0011913103 -0.0323559322 -0.0025922620 -0.0247911874 -0.0176461252
0.0562385987 0.0506801187 0.0218171598 0.0563010619 -0.0070727713 0.0181013272 -0.0323559322 -0.0025922620 -0.0236445576 0.0237749440
-0.0200447088 -0.0446416365 0.0185837236 0.0907297689 0.0039348516 0.0087068734 0.0375951860 -0.0394933829 -0.0578000657 0.0072065163
-0.1072256316 -0.0446416365 -0.0115950145 -0.0400993175 0.0493412959 0.0644472995 -0.0139477432 0.0343088589 0.0070268625 -0.0300724459
0.0816663678 0.0506801187 -0.0029725179 -0.0332135761 0.0424615316 0.0578711819 -0.0102661054 0.0343088589 -0.0006092542 -0.0010776975
0.0053830604 0.0506801187 0.0175059115 0.0322009671 0.1277706089 0.1273901404 -0.0213110188 0.0712099798 0.0625751815 0.0154907302
0.0380759064 0.0506801187 -0.0299178198 -0.0745280244 -0.0125765827 -0.0125872221 0.0044604458 -0.0025922620 0.0037117382 -0.0300724459
0.0308108295 -0.0446416365 -0.0202175111 -0.0056706106 -0.0043208655 -0.0294972390 0.0780932019 -0.0394933829 -0.0109044358 -0.0010776975
0.0017505219 0.0506801187 -0.0579409337 -0.0435421882 -0.0965097070 -0.0470335528 -0.0986254127 0.0343088589 -0.0611765951 -0.0714935151
-0.0273097857 0.0506801187 0.0606183944 0.1079441223 0.0121905688 -0.0175975974 -0.0029028298 -0.0025922620 0.0702112982 0.1356118307
-0.0854304009 0.0506801187 -0.0406959405 -0.0332135761 -0.0813742256 -0.0695802421 -0.0065844676 -0.0394933829 -0.0578000657 -0.0424987666
0.0126481373 0.0506801187 -0.0719524906 -0.0469850589 -0.0511032627 -0.0971373067 0.1185912177 -0.0763945038 -0.0202887478 -0.0383566597
-0.0527375548 -0.0446416365 -0.0557853095 -0.0366564468 0.0892439288 -0.0031927682 0.0081420836 0.0343088589 0.1323726493 0.0030644094
-0.0236772472 0.0506801187 0.0455290254 0.0218723550 0.1098832217 0.0888728796 0.0007788080 0.0343088589 0.0741925367 0.0610539062
-0.0745327855 0.0506801187 -0.0094393904 0.0149866136 -0.0373437341 -0.0216685274 -0.0139477432 -0.0025922620 -0.0332487872 0.0113486232
-0.0055145550 0.0506801187 -0.0331512560 -0.0159992226 0.0080627102 0.0162224364 0.0155053592 -0.0025922620 -0.0283202425 -0.0756356220
-0.0600026317 0.0506801187 0.0498402737 0.0184294843 -0.0167044413 -0.0301235359 -0.0176293810 -0.0025922620 0.0497686599 -0.0590671943
-0.0200447088 -0.0446416365 -0.0848862355 -0.0263278347 -0.0359677813 -0.0341944659 0.0412768238 -0.0516707528 -0.0823814833 -0.0466408736
0.0380759064 0.0506801187 0.0056499787 0.0322009671 0.0066867573 0.0174750303 -0.0249926566 0.0343088589 0.0148227108 0.0610539062
0.0162806757 -0.0446416365 0.0207393477 0.0218723550 -0.0139525355 -0.0132135190 -0.0065844676 -0.0025922620 0.0133159679 0.0403433716
0.0417084449 -0.0446416365 -0.0072837662 0.0287580964 -0.0428475456 -0.0482861467 0.0523217373 -0.0763945038 -0.0721284546 0.0237749440
0.0199132142 0.0506801187 0.1048086895 0.0700725447 -0.0359677813 -0.0266789028 -0.0249926566 -0.0025922620 0.0037117382 0.0403433716
-0.0491050164 0.0506801187 -0.0245287594 0.0000675073 -0.0469754041 -0.0282446451 -0.0654906725 0.0284046795 0.0191990331 0.0113486232
0.0017505219 0.0506801187 -0.0062059541 -0.0194420933 -0.0098246770 0.0049490918 -0.0397192078 0.0343088589 0.0148227108 0.0983328685
0.0344433680 -0.0446416365 -0.0385403164 -0.0125563519 0.0094386630 0.0052622403 -0.0065844676 -0.0025922620 0.0311929907 0.0983328685
-0.0454724779 0.0506801187 0.1371430517 -0.0159992226 0.0410855788 0.0318798595 -0.0434008457 0.0712099798 0.0710215779 0.0486275855
-0.0091470934 0.0506801187 0.1705552260 0.0149866136 0.0300779559 0.0337587503 -0.0213110188 0.0343088589 0.0336568129 0.0320591578
-0.0164121703 0.0506801187 0.0024165425 0.0149866136 0.0218222388 -0.0100820344 -0.0249926566 0.0343088589 0.0855331212 0.0817644408
-0.0091470934 -0.0446416365 0.0379843409 -0.0400993175 -0.0249601584 -0.0038190651 -0.0434008457 0.0158582984 -0.0051453080 0.0279170509
0.0199132142 -0.0446416365 -0.0579409337 -0.0573136710 -0.0015689598 -0.0125872221 0.0744115641 -0.0394933829 -0.0611765951 -0.0756356220
0.0526060602 0.0506801187 -0.0094393904 0.0494153205 0.0507172488 -0.0191633397 -0.0139477432 0.0343088589 0.1193439942 -0.0176461252
-0.0273097857 0.0506801187 -0.0234509473 -0.0159992226 0.0135665216 0.0127778034 0.0265502726 -0.0025922620 -0.0109044358 -0.0217882321
-0.0745327855 -0.0446416365 -0.0105172024 -0.0056706106 -0.0662387442 -0.0570543036 -0.0029028298 -0.0394933829 -0.0425721049 -0.0010776975
-0.1072256316 -0.0446416365 -0.0342290681 -0.0676422830 -0.0634868384 -0.0705196875 0.0081420836 -0.0394933829 -0.0006092542 -0.0797777289
0.0453409833 0.0506801187 -0.0029725179 0.1079441223 0.0355817674 0.0224854057 0.0265502726 -0.0025922620 0.0280165065 0.0196328371
-0.0018820165 -0.0446416365 0.0681630790 -0.0056706106 0.1195148917 0.1302084765 -0.0249926566 0.0867084505 0.0461323310 -0.0010776975
0.0199132142 0.0506801187 0.0099612270 0.0184294843 0.0149424745 0.0447189465 -0.0618090347 0.0712099798 0.0094364091 -0.0632093012
0.0162806757 0.0506801187 0.0024165425 -0.0056706106 -0.0056968184 0.0108989126 -0.0507641213 0.0343088589 0.0226920226 -0.0383566597
-0.0018820165 -0.0446416365 -0.0385403164 0.0218723550 -0.1088932828 -0.1156130660 0.0228686348 -0.0763945038 -0.0468794828 0.0237749440
0.0162806757 -0.0446416365 0.0261284081 0.0585963092 -0.0607349327 -0.0442152167 -0.0139477432 -0.0339582147 -0.0514005353 -0.0259303390
-0.0709002471 0.0506801187 -0.0891974838 -0.0745280244 -0.0428475456 -0.0257394574 -0.0323559322 -0.0025922620 -0.0129079423 -0.0549250874
0.0489735218 -0.0446416365 0.0606183944 -0.0228849640 -0.0235842056 -0.0727117267 -0.0434008457 -0.0025922620 0.1041376114 0.0362012647
0.0053830604 0.0506801187 -0.0288400077 -0.0091134812 -0.0318399227 -0.0288709421 0.0081420836 -0.0394933829 -0.0181182673 0.0072065163
0.0344433680 0.0506801187 -0.0299178198 0.0046580015 0.0933717874 0.0869939888 0.0339135482 -0.0025922620 0.0240525832 -0.0383566597
0.0235457526 0.0506801187 -0.0191396990 0.0494153205 -0.0634868384 -0.0611252336 0.0044604458 -0.0394933829 -0.0259524244 -0.0135040182
0.0199132142 -0.0446416365 -0.0406959405 -0.0159992226 -0.0084487241 -0.0175975974 0.0523217373 -0.0394933829 -0.0307512099 0.0030644094
-0.0454724779 -0.0446416365 0.0153502873 -0.0745280244 -0.0497273099 -0.0172844490 -0.0286742944 -0.0025922620 -0.1043648208 -0.0756356220
0.0526060602 0.0506801187 -0.0245287594 0.0563010619 -0.0070727713 -0.0050716590 -0.0213110188 -0.0025922620 0.0267142576 -0.0383566597
-0.0055145550 0.0506801187 0.0013387304 -0.0848566365 -0.0112006298 -0.0166581521 0.0486400995 -0.0394933829 -0.0411803852 -0.0880619427
0.0090155988 0.0506801187 0.0692408910 0.0597439326 0.0176943802 -0.0232342698 -0.0470824835 0.0343088589 0.1032922649 0.0734802270
-0.0236772472 -0.0446416365 -0.0697968665 -0.0641994123 -0.0593589799 -0.0504781859 0.0191869970 -0.0394933829 -0.0891368601 -0.0507829805
-0.0418399395 0.0506801187 -0.0299178198 -0.0022277399 0.0218222388 0.0365770865 0.0118237214 -0.0025922620 -0.0411803852 0.0651960131
-0.0745327855 -0.0446416365 -0.0460850009 -0.0435421882 -0.0290880170 -0.0232342698 0.0155053592 -0.0394933829 -0.0398095944 -0.0217882321
0.0344433680 -0.0446416365 0.0185837236 0.0563010619 0.0121905688 -0.0545491159 -0.0691723103 0.0712099798 0.1300806095 0.0072065163
-0.0600026317 -0.0446416365 0.0013387304 -0.0297707054 -0.0070727713 -0.0216685274 0.0118237214 -0.0025922620 0.0318152175 -0.0549250874
-0.0854304009 0.0506801187 -0.0309956318 -0.0228849640 -0.0634868384 -0.0542359675 0.0191869970 -0.0394933829 -0.0964332229 -0.0342145528
0.0526060602 -0.0446416365 -0.0040503300 -0.0309183290 -0.0469754041 -0.0583068975 -0.0139477432 -0.0258399682 0.0360557901 0.0237749440
0.0126481373 -0.0446416365 0.0153502873 -0.0332135761 0.0410855788 0.0321930080 -0.0029028298 -0.0025922620 0.0450661683 -0.0673514081
0.0598711371 0.0506801187 0.0228949719 0.0494153205 0.0163184273 0.0118383580 -0.0139477432 -0.0025922620 0.0395398781 0.0196328371
-0.0236772472 -0.0446416365 0.0455290254 0.0907297689 -0.0180803941 -0.0354470598 0.0707299263 -0.0394933829 -0.0345237153 -0.0093619113
0.0162806757 -0.0446416365 -0.0450071888 -0.0573136710 -0.0345918284 -0.0539228190 0.0744115641 -0.0763945038 -0.0425721049 0.0403433716
0.1107266755 0.0506801187 -0.0331512560 -0.0228849640 -0.0043208655 0.0202933664 -0.0618090347 0.0712099798 0.0155668445 0.0444854786
-0.0200447088 -0.0446416365 0.0972640050 -0.0056706106 -0.0056968184 -0.0238605667 -0.0213110188 -0.0025922620 0.0616858488 0.0403433716
-0.0164121703 -0.0446416365 0.0541515220 0.0700725447 -0.0332158756 -0.0279314967 0.0081420836 -0.0394933829 -0.0271286456 -0.0093619113
0.0489735218 0.0506801187 0.1231314947 0.0838440275 -0.1047654242 -0.1008950883 -0.0691723103 -0.0025922620 0.0366457978 -0.0300724459
-0.0563700933 -0.0446416365 -0.0805749872 -0.0848566365 -0.0373437341 -0.0370128021 0.0339135482 -0.0394933829 -0.0561575731 -0.1377672257
0.0271782911 -0.0446416365 0.0929527567 -0.0527231767 0.0080627102 0.0397085711 -0.0286742944 0.0210244554 -0.0483617248 0.0196328371
0.0635036756 -0.0446416365 -0.0503962492 0.1079441223 0.0314539088 0.0193539211 -0.0176293810 0.0236075338 0.0580391277 0.0403433716
-0.0527375548 0.0506801187 -0.0115950145 0.0563010619 0.0562210602 0.0729023080 -0.0397192078 0.0712099798 0.0305664874 -0.0052198044
-0.0091470934 0.0506801187 -0.0277621956 0.0081008722 0.0479653431 0.0372033834 -0.0286742944 0.0343088589 0.0660482062 -0.0424987666
0.0053830604 -0.0446416365 0.0584627703 -0.0435421882 -0.0731185084 -0.0723985783 0.0191869970 -0.0763945038 -0.0514005353 -0.0259303390
0.0744012909 -0.0446416365 0.0854080721 0.0631868033 0.0149424745 0.0130909518 0.0155053592 -0.0025922620 0.0062093156 0.0859065477
-0.0527375548 -0.0446416365 -0.0008168938 -0.0263278347 0.0108146159 0.0071411310 0.0486400995 -0.0394933829 -0.0358167281 0.0196328371
0.0816663678 0.0506801187 0.0067277908 -0.0045229870 0.1098832217 0.1170562411 -0.0323559322 0.0918746074 0.0547240033 0.0072065163
-0.0055145550 -0.0446416365 0.0088834149 -0.0504279296 0.0259500973 0.0472241342 -0.0434008457 0.0712099798 0.0148227108 0.0030644094
-0.0273097857 -0.0446416365 0.0800190118 0.0987631337 -0.0029449127 0.0181013272 -0.0176293810 0.0033119173 -0.0295276227 0.0362012647
-0.0527375548 -0.0446416365 0.0713965152 -0.0745280244 -0.0153284884 -0.0013138774 0.0044604458 -0.0214118336 -0.0468794828 0.0030644094
0.0090155988 -0.0446416365 -0.0245287594 -0.0263278347 0.0988755988 0.0941964034 0.0707299263 -0.0025922620 -0.0213936809 0.0072065163
-0.0200447088 -0.0446416365 -0.0547074975 -0.0538708003 -0.0662387442 -0.0573674521 0.0118237214 -0.0394933829 -0.0740888715 -0.0052198044
0.0235457526 -0.0446416365 -0.0363846922 0.0000675073 0.0011829459 0.0346981957 -0.0434008457 0.0343088589 -0.0332487872 0.0610539062
0.0380759064 0.0506801187 0.0164280994 0.0218723550 0.0397096259 0.0450320949 -0.0434008457 0.0712099798 0.0497686599 0.0154907302
-0.0781653240 0.0506801187 0.0778633876 0.0528581912 0.0782363060 0.0644472995 0.0265502726 -0.0025922620 0.0406722637 -0.0093619113
0.0090155988 0.0506801187 -0.0396181284 0.0287580964 0.0383336731 0.0735286049 -0.0728539481 0.1081111006 0.0155668445 -0.0466408736
0.0017505219 0.0506801187 0.0110390390 -0.0194420933 -0.0167044413 -0.0038190651 -0.0470824835 0.0343088589 0.0240525832 0.0237749440
-0.0781653240 -0.0446416365 -0.0406959405 -0.0814137658 -0.1006375656 -0.1127947298 0.0228686348 -0.0763945038 -0.0202887478 -0.0507829805
0.0308108295 0.0506801187 -0.0342290681 0.0436772026 0.0575970131 0.0688313780 -0.0323559322 0.0575565650 0.0354619387 0.0859065477
-0.0345748626 0.0506801187 0.0056499787 -0.0056706106 -0.0731185084 -0.0626909759 -0.0065844676 -0.0394933829 -0.0454209578 0.0320591578
0.0489735218 0.0506801187 0.0886415084 0.0872868982 0.0355817674 0.0215459603 -0.0249926566 0.0343088589 0.0660482062 0.1314697238
-0.0418399395 -0.0446416365 -0.0331512560 -0.0228849640 0.0465893902 0.0415874618 0.0560033751 -0.0247329345 -0.0259524244 -0.0383566597
-0.0091470934 -0.0446416365 -0.0568631216 -0.0504279296 0.0218222388 0.0453452434 -0.0286742944 0.0343088589 -0.0099189574 -0.0176461252
0.0707687525 0.0506801187 -0.0309956318 0.0218723550 -0.0373437341 -0.0470335528 0.0339135482 -0.0394933829 -0.0149564750 -0.0010776975
0.0090155988 -0.0446416365 0.0552293341 -0.0056706106 0.0575970131 0.0447189465 -0.0029028298 0.0232385226 0.0556835477 0.1066170823
-0.0273097857 -0.0446416365 -0.0600965578 -0.0297707054 0.0465893902 0.0199802180 0.1222728555 -0.0394933829 -0.0514005353 -0.0093619113
0.0162806757 -0.0446416365 0.0013387304 0.0081008722 0.0053108045 0.0108989126 0.0302319104 -0.0394933829 -0.0454209578 0.0320591578
-0.0127796319 -0.0446416365 -0.0234509473 -0.0400993175 -0.0167044413 0.0046359433 -0.0176293810 -0.0025922620 -0.0384591123 -0.0383566597
-0.0563700933 -0.0446416365 -0.0741081148 -0.0504279296 -0.0249601584 -0.0470335528 0.0928197531 -0.0763945038 -0.0611765951 -0.0466408736
0.0417084449 0.0506801187 0.0196615356 0.0597439326 -0.0056968184 -0.0025664713 -0.0286742944 -0.0025922620 0.0311929907 0.0072065163
-0.0055145550 0.0506801187 -0.0159062628 -0.0676422830 0.0493412959 0.0791652773 -0.0286742944 0.0343088589 -0.0181182673 0.0444854786
0.0417084449 0.0506801187 -0.0159062628 0.0172818607 -0.0373437341 -0.0138398159 -0.0249926566 -0.0110795198 -0.0468794828 0.0154907302
-0.0454724779 -0.0446416365 0.0390621530 0.0012151308 0.0163184273 0.0152829910 -0.0286742944 0.0265596235 0.0445283740 -0.0259303390
-0.0454724779 -0.0446416365 -0.0730303027 -0.0814137658 0.0837401174 0.0278089295 0.1738157848 -0.0394933829 -0.0042198597 0.0030644094
